
pattern1:

1 1 1 1 1 1 1 1
2 2 2 2 2 2 2 2
3 3 3 3 3 3 3 3
4 4 4 4 4 4 4 4



pattern2:

1 2 3 4 5 6
1 2 3 4 5 6
1 2 3 4 5 6
1 2 3 4 5 6
1 2 3 4 5 6
1 2 3 4 5 6

pattern3:
1 2 3 4 5
2 3 4 5 6
3 4 5 6 7
4 5 6 7 8
5 6 7 8 9

pattern4:
5 5 5 5 5 5 5
4 4 4 4 4 4 4
3 3 3 3 3 3 3
2 2 2 2 2 2 2
1 1 1 1 1 1 1


pattern5:
5 4 3 2 1
5 4 3 2 1
5 4 3 2 1
5 4 3 2 1
5 4 3 2 1

pattern6:
1 2 3 4 3 2 1
2 3 4 5 4 3 2
3 4 5 6 5 4 3
4 5 6 7 6 5 4
5 6 7 8 7 6 5


pattern7:
1 1 1 1 1 1 1
1 0 0 0 0 0 1
1 0 0 0 0 0 1
1 0 0 0 0 0 1
1 0 0 0 0 0 1
1 1 1 1 1 1 1

pattrn8:
0 1 2 3 4 5
1 0 2 3 4 5 
1 2 0 3 4 5 
1 2 3 0 4 5 
1 2 3 4 0 5 
1 2 3 4 5 0


pattrn9:
0 1 2 3 4 0
1 0 2 3 0 5 
1 2 0 0 4 5 
1 2 0 0 4 5 
1 0 3 4 0 5 
0 2 3 4 5 0



pattrn10:
1 1 1 1 1 1 
1 0 0 0 1 1
1 0 0 1 0 1 
1 0 1 0 0 1 
1 1 0 0 0 1 
1 1 1 1 1 1



pattrn11:
1 1 1 1 1 1 
1 1 0 0 1 1
1 0 1 1 0 1 
1 0 1 1 0 1 
1 1 0 0 1 1 
1 1 1 1 1 1































































